topBid,topAsk,bidVol,askVol
6327.89,6327.9,1.22014823,2.3
6327.89,6327.9,1.22014823,2.22253213
6327.89,6327.9,1.22014823,2.22253213
6327.89,6327.9,1.22014823,0
6327.89,6329.39,1.22014823,0
6327.89,6329.39,1.22014823,0.20719597
6327.89,6329.39,1.22014823,0.20719597
6327.89,6329.39,2.22014823,0.20719597
6327.89,6329.39,1.22014823,0.20719597
6327.89,6329.39,0.91944837,0.20719597
6327.89,6329.39,0.96944837,0.20719597
6327.89,6329.39,0.91944837,0.20719597
6327.89,6329.39,0.91944837,7.70719597
6327.89,6329.39,0.91944837,0.20719597
6327.89,6329.39,0.91944837,0.71719597
6327.89,6329.39,0.91944837,8.21719597
6327.89,6329.39,0.91944837,0.71719597
6327.89,6329.39,0.91944837,8.21719597
6327.89,6329.39,0.91944837,0.71719597
6327.89,6329.39,0.91944837,8.21719597
6327.89,6329.39,0.91944837,0.71719597
6327.89,6329.39,0.91944837,8.21719597
6327.89,6329.39,0.91944837,0.71719597
6327.89,6329.39,0.91944837,0.20719597
6327.93,6329.37,0.91944837,0.20719597
6327.93,6329.37,0.91944837,0.5006427
6327.93,6329.37,0.91944837,0.5006427
6327.93,6329.37,0.91944837,0.50286904
6327.93,6329.37,0.91944837,0.00222634
6327.93,6329.37,0.91944837,0.01769697
6327.93,6329.37,0.91944837,0.00222634
6327.93,6329.36,0.91944837,0.00222634
6327.93,6329.36,0.91944837,0.51078732
6327.93,6329.36,0.91944837,0.00220409
6327.93,6329.36,0.84117532,0.00220409
6327.93,6329.34,0.84117532,0.00220409
6327.93,6329.34,0.84117532,0.44723176
6327.96,6329.34,0.84117532,0.44723176
6327.96,6329.34,0,0.44723176
6327.96,6329.34,0,0.44939136
6327.96,6329.34,0,0.0021596
6327.96,6329.34,0.08,0.0021596
6327.96,6329.34,0,0.0021596
6327.96,6329.34,0,0.01762902
6327.96,6329.34,0,0.0021596
6327.96,6329.34,0.08,0.0021596
6327.96,6329.34,0,0.0021596
6327.96,6329.34,0.01546957,0.0021596
6327.96,6329.34,0,0.0021596
6327.95,6329.33,0,0.0021596
6327.95,6329.33,0,0.45859861
6327.95,6329.33,0,0.00213736
6327.95,6329.33,0,0.00213736
6327.95,6329.33,0.01546957,0.00213736
6327.95,6329.32,0.01546957,0.00213736
6327.95,6329.32,0,0.00213736
6327.95,6329.32,0.01547063,0.00213736
6327.95,6329.32,0.01547063,0.43896713
6327.95,6329.32,0.01547063,0.43896713
6327.95,6329.32,0,0.43896713
6327.95,6329.32,0,0.51571121
6327.95,6329.32,0,0.07674408
6327.95,6329.32,0.01547063,0.07674408
6327.95,6329.32,0,0.07674408
6327.95,6329.32,0,0
6327.95,6329.32,0.01547132,0
6327.95,6329.32,0,0
6327.95,6329.32,0.01547064,0
6329.29,6329.3,0.01547064,0
6329.29,6329.3,0.01547064,0
6329.29,6329.3,0.01547064,0.00207062
6329.29,6329.3,0.33763487,0.00207062
6329.29,6329.3,0.29330987,0.00207062
6329.29,6329.3,0.29330987,0.43207062
6329.29,6329.3,0.33763487,0.43207062
6329.29,6329.3,0.33763487,0.43
6329.29,6329.3,0.33763487,0.43
6329.29,6329.3,0.33763487,0.42814042
6329.29,6329.3,0.33763487,0.42814042
6329.29,6329.3,0.33763487,0
6329.29,6329.3,0.29330987,0
6329.29,6329.3,0,0
6329.33,6329.34,0,0
6329.33,6329.34,0,0.41238956
6329.33,6329.34,0,0.41238956
6329.33,6329.34,0,0.39107355
6329.33,6329.34,0,0.39107355
6329.33,6329.34,0,0
6329.33,6329.34,0,0
6328.85,6329.35,0,0
6328.85,6329.35,0,0
6329.36,6329.37,0,0
6329.36,6329.37,0,0.58549628
6329.36,6329.37,0,0.18549628
6329.36,6329.37,0.0136278,0.18549628
6329.36,6329.37,0.0136278,0.18549628
6329.36,6329.37,0,0.18549628
6328.85,6329.37,0,0.18549628
6328.85,6329.37,0,0.18549628
6327.95,6329.37,0,0.18549628
6327.95,6329.37,0,0.18549628
6327.93,6329.37,0,0.18549628
6327.93,6329.37,5.76698822,0.18549628
6327.93,6329.37,5.97596949,0.18549628
6327.93,6329.37,6.11596949,0.18549628
6327.93,6329.37,6.11901811,0.18549628
6327.93,6329.37,2.17601811,0.18549628
6327.93,6327.94,2.17601811,0.18549628
6327.93,6327.94,2.17601811,2.36552049
6327.93,6327.94,2.17601811,2.36552049
6327.93,6327.94,2.03601811,2.36552049
6327.93,6327.94,2.03601811,2.36410405
6327.93,6327.94,2.03601811,2.36410405
6327.93,6327.94,2.18601811,2.36410405
6327.93,6327.94,2.18601811,2.35010943
6327.93,6327.94,2.18601811,2.35010943
6327.93,6327.94,2.18601811,2.30671191
6327.93,6327.94,2.18601811,2.30671191
6327.93,6327.94,2.19101924,2.30671191
6327.93,6327.94,2.06293924,2.30671191
6327.93,6327.94,2.06293924,2.30671191
6327.93,6327.94,2.06293924,2.30262202
6327.93,6327.94,2.06293924,2.30262202
6327.93,6327.94,2.06293924,2.30018318
6327.93,6327.94,2.06293924,2.30018318
6327.93,6327.94,2.06293924,2.3
6327.93,6327.94,2.06293924,2.3
6327.93,6327.94,2.06293924,2.28657379
6327.93,6327.94,2.06293924,2.28657379
6327.93,6327.94,2.06293924,0
6327.93,6327.94,1.06293924,0
6327.93,6327.94,0.85395797,0
6327.93,6327.94,0.70395797,0
6327.93,6327.94,0.70395797,3.942
6327.93,6327.94,0.70090935,3.942
6328,6329.29,0.70090935,3.942
6328,6329.29,0.70090935,0.00465206
6328,6329.29,0.70090935,0.00465206
6328,6329.29,4.17643533,0.00465206
6328,6329.29,4.02643533,0.00465206
6328,6329.29,3.50189275,0.00465206
6328,6329.29,3.50189275,7.50465206
6328,6329.29,3.50189275,0.00465206
6328,6329.29,3.50189275,7.50465206
6328,6329.29,3.50189275,7.90465206
6328,6329.29,3.50189275,7.50465206
6328,6329.29,3.50189275,7.5
6328,6329.29,3.50189275,7.9
6328,6329.29,3.50189275,0.4
6328,6329.29,3.50189275,7.9
6328,6329.29,3.50189275,0.4
6328,6329.29,3.50189275,7.9
6328,6329.29,3.50189275,0.4
6328,6329.29,3.50189275,7.9
6328,6329.29,3.50189275,0.4
6328,6329.29,3.50189275,7.9
6328,6329.29,3.50189275,0.4
6328,6329.29,3.50189275,0
6328,6329.29,3.50189275,0.4
6328,6329.29,3.5,0.4
6328,6329.29,3.5,0.38946314
6328.41,6329.29,3.5,0.38946314
6328.41,6329.29,3.5,0
6328.41,6329.28,3.5,0
6328.41,6329.28,3.5,0
6328.41,6329.28,0,0
6328.41,6329.28,0.16,0
6328.41,6329.28,0,0
6328.41,6329.28,0.16,0
6328.41,6329.28,0,0
6328.4,6329.29,0,0
6328.4,6329.29,0,0.37812674
6328.41,6329.29,0,0.37812674
6328.41,6329.29,0,0
6328.41,6329.29,0,0
6328.02,6329.28,0,0
6328.02,6329.28,0,0
6328.01,6329.28,0,0
6328.01,6329.28,0,0
6328,6329.28,0,0
6328,6329.28,4.40299714,0
6328,6329.28,4.797169,0
6328,6329.28,4.797169,0
6328,6329.28,4.967169,0
6328,6329.28,4.797169,0
6328,6329.28,4.40299714,0
6328,6329.28,3.40299714,0
6328,6329.28,3.51645714,0
6328.01,6329.36,3.51645714,0
6328.01,6329.36,3.51645714,0.01450476
6328.01,6329.36,3.51645714,0.01450476
6328.01,6329.36,0,0.01450476
6328.01,6329.36,0,7.51450476
6328.01,6329.36,0,0.01450476
6328.01,6329.36,0,0
6328.01,6329.36,0,0.17
6328.01,6329.36,0,0
6328.01,6329.36,0.17,0
6328.01,6329.36,0.17,2.3
6328.01,6329.36,0,2.3
6328.01,6329.36,0,2.16696298
6328,6329.36,0,2.16696298
6328,6329.36,0,0
6328,6329.36,3.40299714,0
6328,6329.36,3.40299714,0.01547063
6328,6329.36,3.40299714,0.00870905
6328,6329.36,3.40299714,0.00870905
6328,6329.36,3.40299714,0
6328,6329.36,3.40299714,0.00113337
6328,6329.36,3.40299714,0.01660476
6328,6329.36,3.40299714,0.00113337
6328,6329.36,3.40299714,0.01660382
6328,6329.36,3.40299714,0.00113337
6328,6329.36,3.40299714,0.01660495
6328,6329.36,3.40299714,0.00113337
6328,6329.36,3.40299714,0.01660432
6328,6329.36,3.40299714,0.00113337
6328.03,6329.35,3.40299714,0.00113337
6328.03,6329.35,3.40299714,0
6328.03,6329.35,0,0
6328.03,6329.35,0,0.37
6328.03,6329.35,0.17,0.37
6328.03,6329.35,0,0.37
6328.03,6329.35,0,0
6328.03,6329.35,0,2.3
6328.03,6329.35,0.17,2.3
6328.03,6329.35,0,2.3
6328.03,6329.35,0.17,2.3
6328.03,6329.35,0,2.3
6328.03,6329.35,0.17,2.3
6328.03,6329.35,0,2.3
6328.03,6329.35,0.17,2.3
6328.03,6329.35,0,2.3
6328.02,6329.33,0,2.3
6328.02,6329.33,0.00184831,2.3
6328.02,6329.33,0,2.3
6328.02,6329.33,0,0
6328.02,6329.33,0.01546995,0
6328.03,6329.35,0.01546995,0
6328.03,6329.35,0.01546995,2.29129594
6328.03,6329.35,0.01546995,2.29129594
6328.03,6329.35,0.01546995,0
6328.04,6329.36,0.01546995,0
6328.04,6329.36,0,0
6328.04,6329.36,0,0.34733538
6328.01,6329.36,0,0.34733538
6328.01,6329.36,0,0.26571164
6328.06,6329.36,0,0.26571164
6328.06,6329.36,0,0
6328.06,6329.36,0,0
6328.06,6329.36,0.24,0
6328.06,6329.36,0,0
6328.08,6329.35,0,0
6328.08,6329.35,0,0
6328.08,6329.35,0,0
6328.08,6329.35,0.24,0
6328.08,6329.35,0,0
6328.08,6329.35,0.00275926,0
6328.09,6329.37,0.00275926,0
6328.09,6329.37,0.242737,0
6328.09,6329.37,0.002737,0
6328.1,6329.37,0.002737,0
6328.1,6329.37,0,0
6328.1,6329.37,0.00271475,0
6328.12,6329.35,0.00271475,0
6328.12,6329.35,0,0
6328.12,6329.35,0.01546992,0
6328.12,6329.35,0,0
6328.12,6329.35,0.01546992,0
6328.12,6329.35,0,0
6328.12,6329.35,0.01546996,0
6328.12,6329.35,0,0
6328.12,6329.35,0.01546992,0
6328.12,6329.35,0,0
6328.01,6329.35,0,0
6328.01,6329.35,0.07382818,0
6328.01,6329.35,0.07382818,0
6328.01,6329.35,1.07382818,0
6328.01,6329.35,1.07382818,0
6328.01,6329.35,1.31461203,0
6328.01,6329.35,1.24078385,0
6328.01,6329.35,0.24078385,0
6328.01,6329.35,0,0
6328.01,6329.35,0.23,0
6328.01,6329.35,0.31,0
6328.01,6329.35,0.08,0
6328.01,6329.35,0.19391259,0
6328.01,6329.35,0.19391259,2.5
6328.01,6329.35,0.19391259,3.5
6328.01,6329.35,0.19391259,2.5
6328.01,6329.35,0.11391259,2.5
6328.01,6329.35,0,2.5
6328.01,6329.35,0,10
6328.06,6329.34,0,10
6328.06,6329.34,0,10
6328.06,6329.34,0.01547006,10
6328.06,6329.34,0,10
6328.06,6329.34,0.23,10
6328.06,6329.34,0.24547006,10
6328.06,6329.34,0.01547006,10
6328.07,6329.33,0.01547006,10
6328.07,6329.33,0,10
6328.07,6329.33,0.24,10
6328.07,6329.33,0,10
6328.07,6329.33,0,0.29597523
6328.07,6329.33,0.24,0.29597523
6328.07,6329.33,0.24,0.00273674
6328.07,6329.33,0,0.00273674
6328.07,6329.33,0,7.50273674
6328.07,6329.33,0,0.00273674
6328.07,6329.33,0,7.50273674
6328.07,6329.33,0,0.00273674
6328.07,6329.33,0,7.50273674
6328.07,6329.33,0,0.00273674
6328.07,6329.33,0,7.50273674
6328.07,6329.33,0,0.00273674
6328.07,6329.33,0,7.50273674
6328.07,6329.33,0,0.00273674
6328.07,6329.33,0,7.50273674
6328.07,6329.33,0,0.00273674
6328.07,6329.33,0,7.50273674
6328.07,6329.33,0,0.00273674
6328.07,6329.33,0,0
6328.1,6329.37,0,0
6328.1,6329.37,0,0.17438149
6328.1,6329.37,0,0.17438149
6328.1,6329.37,0,7.67438149
6328.1,6329.37,0,0.17438149
6328.1,6329.37,0,7.67438149
6328.1,6329.37,0,0.17438149
6328.1,6329.37,0,7.67438149
6328.1,6329.37,0,0.17438149
6328.1,6329.37,0,7.67438149
6328.1,6329.37,0,0.17438149
6328.1,6329.37,0,7.67438149
6328.1,6329.37,0,0.17438149
6328.1,6329.37,0,7.67438149
6328.1,6329.37,0,0.17438149
6328.1,6329.37,0,7.67438149
6328.1,6329.37,0,0.17438149
6328.1,6329.37,0,7.67438149
6328.1,6329.37,0,0.17438149
6328.1,6329.37,0,7.67438149
6328.1,6329.37,0,0.17438149
6328.1,6329.37,0,7.67438149
6328.1,6329.37,0,0.17438149
6328.1,6329.37,0,7.67438149
6328.1,6329.37,0,0.17438149
6328.1,6329.37,1.06768,0.17438149
6328.1,6329.37,1.070417,0.17438149
6328.1,6329.37,0.070417,0.17438149
6328.1,6329.37,0.002737,0.17438149
6328.1,6329.37,0,0.17438149
6328.15,6329.32,0,0.17438149
6328.15,6329.32,0,0
6328.15,6329.32,0,7.5
6328.15,6329.32,0,0
6328.15,6329.32,0,0
6328.15,6329.32,1,0
6328.15,6329.32,1.01546993,0
6328.16,6329.34,1.01546993,0
6328.16,6329.34,1.01546993,7.78166641
6328.16,6329.34,1.01546993,7.5
6328.16,6329.34,0,7.5
6328.16,6329.34,0,0
6328.16,6329.34,1,0
6328.16,6329.34,1.05773,0
6328.16,6329.34,1,0
6328.16,6329.34,1,0.29
6328.16,6329.34,1,7.79
6328.16,6329.34,0,7.79
6328.16,6329.34,0,7.5
6328.16,6329.34,0,0
6328.22,6329.36,0,0
6328.22,6329.36,0,0
6328.22,6329.36,0,9.8
6328.22,6329.36,0,2.3
6328.22,6329.36,1,2.3
6328.22,6329.36,0,2.3
6328.22,6329.36,0.01547035,2.3
6328.22,6329.36,0,2.3
6328.22,6329.36,0,2.22139609
6328.27,6329.36,0,2.22139609
6328.27,6329.36,0,0
6328.27,6329.36,0,7.5
6328.27,6329.36,0,0
6328.27,6329.36,0,1
6328.27,6329.36,0,0
6328.27,6329.36,0,7.5
6328.27,6329.36,0,10
6328.27,6329.36,0,11
6328.27,6329.36,0,8.5
6328.27,6329.36,0,7.5
6328.27,6329.36,0,0
6328.27,6329.36,0,0.34
6328.27,6329.36,0.084,0.34
6328.27,6329.36,0.084,7.84
6328.27,6329.36,0.084,0.34
6328.27,6329.36,0.084,0
6328.27,6329.36,0.084,0.34
6328.27,6329.36,0.084,0
6328.27,6329.36,0.004,0
6328.27,6329.36,0.004,0.34
6328.3,6329.36,0.004,0.34
6328.3,6329.36,1.0805328,0.34
6328.3,6329.36,1.0805328,0.34
6328.3,6329.36,1.0805328,7.84
6328.3,6329.36,0.12111,7.84
6328.3,6329.36,0.12111,0.34
6328.3,6329.36,0.35791705,0.34
6328.3,6329.36,0.35791705,0
6328.3,6329.36,1.35791705,0
6328.3,6329.36,1.55791705,0
6328.3,6329.36,1.55791705,0.01546992
6328.3,6329.36,1.51680705,0.01546992
6328.3,6329.36,1.51680705,7.51546992
6328.3,6329.36,1.31680705,7.51546992
6328.3,6329.36,0.31680705,7.51546992
6328.3,6329.36,0.31680705,0.01546992
6328.3,6329.36,0.31680705,7.51546992
6328.3,6329.36,0.31680705,0.01546992
6328.3,6329.36,0.31680705,7.51546992
6328.3,6329.36,0.08,7.51546992
6328.3,6329.36,0.08,0.01546992
6328.3,6329.36,0.08,0
6328.3,6329.36,0.08,2.3
6328.3,6329.36,0.08,0
6328.3,6329.36,0.11841,0
6328.3,6329.36,0.08,0
6328.3,6329.36,0.08,2.3
6328.3,6329.36,0.08,9.8
6328.3,6329.36,0.08,2.3
6328.3,6329.32,0.08,2.3
6328.31,6329.32,0.08,2.3
6328.31,6329.32,0.08,0
6328.31,6329.32,0,0
6328.31,6329.32,0,1
6328.31,6329.32,0,0
6328.31,6329.32,0,7.5
6328.31,6329.32,0.19,7.5
6328.31,6329.32,0.19,10
6328.31,6329.32,0.19,2.5
6328.31,6329.32,0.19,0
6328.31,6329.32,0,0
6328.31,6329.32,0.003,0
6328.31,6329.32,0.003,1
6328.31,6329.32,0.003,0
6328.31,6329.32,0.003,2.5
6328.31,6329.32,0.003,10
6328.31,6329.32,0.003,7.5
6328.31,6329.32,0.003,8.5
6328.31,6329.32,0.003,1
6328.31,6329.32,0.003,0
6328.31,6329.32,0.003,1
6328.31,6329.32,0.003,3.5
6328.31,6329.32,0.003,2.5
6328.31,6329.32,0.003,0
6328.38,6329.33,0.003,0
6328.38,6329.33,0.003,7.50226946
6328.38,6329.33,0.003,0.00226946
6328.38,6329.33,0,0.00226946
6328.38,6329.33,0,7.50226946
6328.38,6329.33,0,0.00226946
6328.38,6329.33,0,7.50226946
6328.38,6329.33,0,0.00226946
6328.38,6329.33,0,7.50226946
6328.38,6329.33,0,0.00226946
6328.38,6329.33,0,7.50226946
6328.38,6329.33,0,0.00226946
6328.38,6329.33,0.08,0.00226946
6328.38,6329.33,0.08,0
6328.39,6329.32,0.08,0
6328.39,6329.32,0,0
6328.39,6329.32,0.19,0
6328.39,6329.32,0,0
6328.38,6329.32,0,0
6328.38,6329.32,0,0
6328.38,6329.32,0.04504845,0
6328.38,6329.32,0.04363202,0
6328.39,6329.34,0.04363202,0
6328.39,6329.34,0.04363202,0
6328.39,6329.24,0.04363202,0
6328.39,6329.24,0.04363202,7.5378827
6328.39,6329.24,0.04363202,7.5
6328.39,6329.24,0.04363202,0
6328.39,6329.24,0.04363202,0.02979
6328.39,6329.24,0.25565599,0.02979
6328.39,6329.17,0.25565599,0.02979
6328.39,6329.15,0.25565599,0.02979
6328.39,6329.15,0.25565599,0.99630404
6328.39,6329.15,0.25565599,0
6328.39,6329.15,0.25426181,0
6328.41,6329.35,0.25426181,0
6328.41,6329.35,0.25426181,0
6328.41,6329.37,0.25426181,0
6328.41,6329.37,0,0
6328.4,6329.37,0,0
6328.4,6329.37,3.47665192,0
6328.4,6329.37,3.47665192,0
6328.4,6329.37,3.67413543,0
6328.4,6329.37,3.79413543,0
6328.4,6329.37,3.67413543,0
6328.4,6329.37,3.67413543,7.66541907
6328.4,6329.37,3.67413543,0.16541907
6328.4,6329.37,3.47665192,0.16541907
6328.4,6329.37,3.50242192,0.16541907
6328.4,6329.37,3.50105,0.16541907
6328.4,6329.37,3.50105,0.16227485
6328.42,6329.37,3.50105,0.16227485
6328.42,6329.37,3.50105,0.1320385
6328.42,6329.37,3.50105,0.1320385
6328.42,6329.37,3.50105,0.11364361
6328.42,6329.37,3.50105,0.11364361
6328.42,6329.37,0.12132742,0.11364361
6328.42,6329.37,0.00132742,0.11364361
6328.42,6329.37,0.00132742,0.08220145
6328.43,6329.37,0.00132742,0.08220145
6328.43,6329.37,0.06362094,0.08220145
6328.43,6329.36,0.06362094,0.08220145
6328.43,6329.36,0.0649261,0.08220145
6328.43,6329.36,0.00130516,0.08220145
6328.43,6329.36,0,0.08220145
6328.41,6329.36,0,0.08220145
6328.41,6329.36,0.02407889,0.08220145
6328.41,6329.36,0.02407889,0.08220145
6328.41,6329.36,0.02407889,0
6328.41,6329.36,0.10407889,0
6328.41,6329.36,0.29676072,0
6328.41,6329.36,0.21676072,0
6328.41,6329.36,0.21676072,1
6328.41,6329.36,0.21676072,0
6328.41,6329.36,0.02407889,0
6328.41,6329.36,0,0
6328.43,6329.37,0,0
6328.43,6329.37,0.2742602,0
6328.43,6329.37,0.2742602,0.0785055
6328.45,6329.36,0.2742602,0.0785055
6328.45,6329.36,0.2742602,0
6328.45,6329.37,0.2742602,0
6328.45,6329.37,0.2742602,0.06243292
6328.45,6329.37,0.2742602,0.06243292
6328.45,6329.37,0,0.06243292
6328.45,6329.37,0,7.56243292
6328.45,6329.37,0,0.06243292
6328.45,6329.37,0,7.56243292
6328.45,6329.37,0,0.06243292
6328.45,6329.37,0.08,0.06243292
6328.45,6329.37,0,0.06243292
6328.45,6329.37,0,0.11472201
6328.45,6329.37,0,0.0994713
6328.42,6329.37,0,0.0994713
6328.42,6329.37,0,0.0994713
6328.42,6329.37,0.00209158,0.0994713
6328.43,6329.36,0.00209158,0.0994713
6328.43,6329.36,0.00209158,0
6328.43,6329.36,0,0
6328.43,6329.36,0,0.48
6328.43,6329.36,0.00206933,0.48
6328.43,6329.36,0.00206933,0
6328.43,6329.36,0.25632953,0
6328.43,6329.33,0.25632953,0
6328.43,6329.33,0.25632953,2.96337056
6328.43,6329.33,0.25632953,2.5
6328.43,6329.33,0.25632953,0
6328.43,6329.33,0.25632953,0.46
6328.43,6329.33,0.25632953,2.96
6328.43,6329.33,0.25632953,2.5
6328.43,6329.33,0.25632953,0
6328.43,6329.33,0.25632953,0.46
6328.43,6329.33,0.25632953,2.96
6328.43,6329.33,0.25632953,2.5
6328.43,6329.33,0.25632953,0
6328.43,6329.33,0.25632953,0.46
6328.43,6329.33,0.25632953,2.76
6328.43,6329.33,0.25632953,2.3
6328.44,6329.32,0.25632953,2.3
6328.44,6329.32,0.25632953,0
6328.44,6329.32,3.5,0
6328.44,6329.32,3.5,0.46
6328.44,6329.32,3.5,0
6328.44,6329.32,3.50204707,0
6328.44,6329.3,3.50204707,0
6328.44,6329.3,3.38113762,0
6328.44,6329.3,3.38113762,0
6328.44,6329.3,3.38113762,0
6328.44,6329.3,3.38113762,0.45
6328.44,6329.3,3.38113762,0
6328.45,6329.31,3.38113762,0
6328.45,6329.31,0.10202482,0
6328.45,6329.31,0.00202482,0
6328.46,6329.31,0.00202482,0
6328.46,6329.31,0,0
6328.44,6329.31,0,0
6328.44,6329.31,0,7.55087264
6328.44,6329.31,0,0.05087264
6328.44,6329.31,0,0.03575542
6328.47,6329.31,0,0.03575542
6328.47,6329.31,0,0.03284548
6328.48,6329.31,0,0.03284548
6328.48,6329.31,0,0.03284548
6328.48,6329.31,0.09,0.03284548
6328.48,6329.31,0,0.03284548
6328.48,6329.31,0,0
6328.47,6329.26,0,0
6328.47,6329.26,0.2562389,0
6328.47,6329.26,0.2562389,0
6328.47,6329.26,0.2562389,0.47
6328.47,6329.26,0.25425859,0.47
6328.47,6329.26,0.25425859,7.97
6328.47,6329.26,0.25425859,0.47
6328.47,6329.26,0.25425859,0
6328.47,6329.26,0.25425859,7.5
6328.47,6329.26,0.25425859,0
6328.47,6329.26,0.25425859,0.47
6328.47,6329.26,0.25425859,7.97
6328.47,6329.26,0.25425859,0.47
6328.47,6329.26,0.25425859,0
6328.49,6329.24,0.25425859,0
6328.49,6329.24,0.25425859,0
6328.49,6329.24,2.5019358,0
6328.49,6329.26,2.5019358,0
6328.49,6329.26,2.5019358,7.91663555
6328.49,6329.26,2.5019358,0.41663555
6328.49,6329.26,2.5019358,7.91663555
6328.49,6329.26,0.0019358,7.91663555
6328.49,6329.26,0.0019358,0.41663555
6328.49,6329.26,0.0019358,0
6328.5,6329.25,0.0019358,0
6328.5,6329.25,0.0019358,2.45220522
6328.5,6329.25,0.0019358,2.45220522
6328.5,6329.25,0.0019358,0
6328.5,6329.25,3.5,0
6328.5,6329.25,3.5,1
6328.5,6329.25,3.5,0
6328.5,6329.25,2.5,0
6328.5,6329.25,2.5,1
6328.5,6329.25,2.5,0
6328.5,6329.25,0,0
6328.5,6329.25,0,2.5
6328.5,6329.25,1,2.5
6328.5,6329.25,1.00191355,2.5
6328.51,6329.24,1.00191355,2.5
6328.51,6329.24,0.43189129,2.5
6328.51,6329.24,0.00189129,2.5
6328.51,6329.24,0,2.5
6328.51,6329.24,0.43,2.5
6328.51,6329.24,0,2.5
6328.51,6329.24,0,0
6328.52,6329.13,0,0
6328.52,6329.13,0,7.56630397
6328.52,6329.13,0,0.06630397
6328.52,6329.13,0,0
6328.52,6329.13,0,0.07
6328.52,6329.13,0,0
6328.52,6329.13,0.25425658,0
6328.52,6329.08,0.25425658,0
6328.52,6329.08,0.17552034,0
6328.52,6329.08,0.17552034,0
6328.52,6329.08,0.17552034,0.02686996
6328.52,6329.08,0.17552034,0.05378996
6328.52,6329.08,0.17552034,0.02686996
6328.52,6329.08,0.17091488,0.02686996
6328.52,6329.06,0.17091488,0.02686996
6328.52,6329.06,0.17091488,3.5
6328.52,6329.04,0.17091488,3.5
6328.52,6329.04,0.17091488,3.34625028
6328.52,6329.04,0.17091488,0.84625028
6328.52,6329.04,0.17091488,0.84509327
6328.52,6329.04,0.17091488,0
6328.54,6328.9,0.17091488,0
6328.54,6328.9,0.17091488,0.02455103
6328.54,6328.9,0.17091488,0
6328.54,6328.97,0.17091488,0
6328.54,6328.97,0.17091488,0
6328.54,6329.5,0.17091488,0
6328.54,6329.5,0.17091488,0
6328.54,6329.89,0.17091488,0
6328.54,6329.89,0,0
6328.54,6329.89,0,7.97683273
6328.54,6329.89,0,8.97683273
6328.54,6329.89,0,1.47683273
6328.54,6329.89,0,0.47683273
6328.54,6329.89,0,7.97683273
6328.54,6329.89,0,7.9680271
6329.88,6329.89,0,7.9680271
6329.88,6329.89,0,7.97007504
6329.88,6329.89,0,0.47007504
6329.88,6329.89,0,7.97007504
6329.88,6329.89,0.68,7.97007504
6329.88,6329.89,0.68,0.47007504
6329.88,6329.89,0,0.47007504
6329.88,6329.89,0.01547094,0.47007504
6329.88,6329.89,0,0.47007504
6329.88,6329.89,0,0.48043243
6328.54,6329.85,0,0.48043243
6328.54,6329.85,0,0
6328.54,6329.85,0,0
6328.54,6329.85,0,0.01035739
6328.54,6329.85,0,7.51035739
6328.54,6329.85,0,0.01035739
6328.54,6329.85,0,7.51035739
6328.54,6329.85,0,0.01035739
6328.54,6329.85,0,0
6328.53,6329.89,0,0
6328.53,6329.89,0,0.50208525
6328.53,6329.89,0,0.50208525
6328.53,6329.89,0,0.57208525
6328.53,6329.89,0,0.56768154
6329.88,6329.89,0,0.56768154
6329.88,6329.89,0,0.56461419
6329.88,6329.89,0,0.56461419
6329.88,6329.89,0,0.51819992
6329.88,6329.89,0,0.51819992
6329.88,6329.89,0,0.51528979
6329.88,6329.89,0,0.51528979
6329.88,6329.89,0,0.51237982
6329.88,6329.89,0,0.51237982
6329.88,6329.89,0,0.44237982
6329.88,6329.89,0.438841,0.44237982
6329.88,6329.89,0.008841,0.44237982
6329.88,6329.89,0.008841,2.74237982
6329.88,6329.89,0.438841,2.74237982
6329.88,6329.89,0.008841,2.74237982
6329.88,6329.89,0.014725,2.74237982
6329.88,6329.89,0.014725,2.76237982
6329.88,6329.89,0.014725,2.78237982
6329.88,6329.89,0.014725,2.80237982
6329.88,6329.89,0.014725,2.78237982
6329.88,6329.89,0.014725,2.76237982
6329.88,6329.89,0.014725,2.74237982
6329.88,6329.89,0.014725,2.81237982
6329.88,6329.89,0.014725,2.79726398
6329.88,6329.89,0.014725,2.79726398
6329.88,6329.89,0.014725,2.72726398
6329.88,6329.89,0.014725,2.79726398
6329.88,6329.89,0.18560316,2.79726398
6329.88,6329.89,0.18560316,2.40470583
6329.88,6329.89,0.18560316,2.40470583
6329.88,6329.89,0.18560316,2.40265789
6329.88,6329.89,0.18560316,2.37
6329.88,6329.89,0.18560316,1.82907014
6329.88,6329.89,0.18560316,1.82907014
6329.88,6329.89,0.18560316,0.07
6329.88,6329.89,0.59123052,0.07
6329.88,6329.89,0.59123052,0
6329.88,6329.89,0.58534652,0
6329.88,6329.89,0.57650552,0
6329.88,6329.89,0.57650552,0.07
6329.88,6329.89,0.58534652,0.07
6329.88,6329.89,0.58534652,7.57
6329.88,6329.89,0.58534652,0.07
6329.88,6329.89,0.58534652,1.07
6329.88,6329.89,0.58534652,8.57
6329.88,6329.89,0.59123052,8.57
6329.88,6329.89,0.59123052,7.57
6329.88,6329.89,0.59123052,8.57
6329.88,6329.89,0.59123052,1.07
6329.88,6329.89,0.59123052,0.07
6329.88,6329.89,1.59123052,0.07
6329.88,6329.89,1.59123052,7.57
6329.88,6329.89,1.59123052,7.5
6329.88,6329.89,1.59123052,0
6329.88,6329.89,0.59123052,0
6329.88,6329.89,0.59123052,1
6329.88,6329.89,1.59123052,1
6329.88,6329.89,1.59123052,0
6329.88,6329.89,1.58238952,0
6329.88,6329.89,1.57650552,0
6329.88,6329.89,1.57650552,0.008841
6329.88,6329.89,1.57650552,0.014725
6329.88,6329.89,1.17087816,0.014725
6329.88,6329.89,1.17087816,0.444725
6329.88,6329.89,1.17087816,0.435884
6329.88,6329.89,1.17087816,0.43
6329.88,6329.89,1.17087816,0
6329.88,6329.89,1.16993316,0
6329.88,6329.9,1.16993316,0
6329.88,6329.9,1.54026972,0
6329.88,6329.9,1.55026972,0
6329.88,6329.9,1.38033656,0
6329.88,6329.9,1.41298594,0
6329.88,6329.9,1.40298594,0
6329.88,6329.9,1.03264938,0
6329.88,6329.9,1.03264938,1.04245308
6329.89,6329.9,1.03264938,1.04245308
6329.89,6329.9,0,1.04245308
6329.89,6329.9,2.3,1.04245308
6329.89,6329.9,2.28261312,1.04245308
6329.88,6329.89,2.28261312,1.04245308
6329.88,6329.89,2.28261312,0
6329.88,6329.89,1.03264938,0
6329.88,6329.89,1,0
6329.88,6329.9,1,0
6329.88,6329.9,1.35541047,0
6329.88,6329.89,1.35541047,0
6329.88,6329.89,1.35541047,0.36667161
6329.88,6329.89,1.35541047,0.36667161
6329.88,6329.89,1.35541047,7.86667161
6329.88,6329.89,1.35541047,0.36667161
6329.88,6329.89,0.35541047,0.36667161
6329.88,6329.89,0.35541047,1.36667161
6329.88,6329.89,0.35541047,0.36667161
6329.88,6329.89,1.35541047,0.36667161
6329.88,6329.89,1.35541047,7.86667161
6329.88,6329.89,1.35541047,0.36667161
6329.88,6329.89,1.35541047,7.86667161
6329.88,6329.89,1.35541047,8.86667161
6329.88,6329.89,1.35541047,1.36667161
6329.88,6329.89,0.35541047,1.36667161
6329.88,6329.89,0.35541047,0.36667161
6329.88,6329.89,1.35541047,0.36667161
6329.88,6329.89,1.35541047,7.86667161
6329.88,6329.89,1.35541047,0.36667161
6329.88,6329.89,0.35541047,0.36667161
6329.88,6329.89,1.35541047,0.36667161
6329.88,6329.89,1.35541047,7.86667161
6329.88,6329.89,1.35541047,0.36667161
6329.88,6329.89,0.35541047,0.36667161
6329.88,6329.89,0.35541047,1.36667161
6329.88,6329.89,1.35541047,1.36667161
6329.88,6329.89,1.35541047,0.36667161
6329.88,6329.89,1.35541047,7.86667161
6329.88,6329.89,1.35541047,0.36667161
6329.88,6329.89,0.35541047,0.36667161
6329.88,6329.89,0.35541047,1.36667161
6329.88,6329.89,1.35541047,1.36667161
6329.88,6329.89,1.35541047,0.36667161
6329.88,6329.89,1.35541047,0
6329.88,6329.89,1.35541047,0.16
6329.88,6329.89,1,0.16
6329.88,6329.89,1,0
6329.88,6329.89,1,0.38
6329.88,6329.89,1.35834004,0.38
6329.88,6329.89,1.35834004,0
6329.88,6329.89,1.35834004,0.38
6329.88,6329.89,1.35834004,0
6329.88,6329.9,1.35834004,0
6329.88,6329.9,1.35834004,3.18475143
6329.88,6329.9,1.35834004,3.18475143
6329.88,6329.9,1,3.18475143
6329.88,6329.9,1.16993316,3.18475143
6329.88,6329.9,1.16993316,3.16963559
6329.89,6329.9,1.16993316,3.16963559
6329.89,6329.9,0,3.16963559
6329.88,6329.9,0,3.16963559
6329.88,6329.9,0.81042295,3.16963559
6329.88,6329.9,1.22003354,3.16963559
6329.88,6329.9,1.22003354,3.16814067
6329.88,6329.9,1.22003354,3.16814067
6329.88,6329.89,1.22003354,3.16814067
6329.88,6329.89,1.22003354,0.35364141
6329.88,6329.89,1.22003354,0.35364141
6329.88,6329.89,1.22003354,0
6329.88,6329.9,1.22003354,0
6329.88,6329.9,1.22003354,0.84455837
6329.88,6329.9,1.22003354,0.84455837
6329.88,6329.9,1.22003354,0.82930894
6329.88,6329.9,1.22003354,0.82930894
6329.88,6329.9,1.22003354,0.82930894
6329.88,6329.89,1.22003354,0.82930894
6329.88,6329.89,1.22003354,0.03952472
6329.88,6329.89,1.22003354,0.03952472
6329.88,6329.89,1.22003354,0.03661505
6329.88,6329.89,1.22003354,0.03661505
6329.88,6329.89,1.22003354,0
6329.88,6329.89,1.22003354,0.41
6329.88,6329.89,0.81042295,0.41
6329.88,6329.89,0.81042295,0
6329.88,6329.9,0.81042295,0
6329.88,6329.9,0.82077817,0
6329.88,6329.9,0.82077817,3.09310078
6329.88,6329.9,0.82077817,3.09310078
6329.88,6329.9,1.21153596,3.09310078
6329.88,6329.9,0.82077817,3.09310078
6329.88,6329.9,0.82077817,3.18310078
6329.88,6329.9,0.82077817,3.09310078
6329.88,6329.9,0.82077817,3.18310078
6329.88,6329.9,0.82077817,3.09310078
6329.88,6329.9,0.82077817,3.18310078
6329.88,6329.9,0.82077817,3.09310078
6329.88,6329.9,0.82077817,3.18310078
6329.88,6329.9,0.82077817,3.165113
6329.89,6329.9,0.82077817,3.165113
6329.89,6329.9,0.82077817,3.15756608
6329.89,6329.9,0.82077817,3.15756608
6329.89,6329.9,0.82077817,5.65756608
6329.89,6329.9,0.82077817,6.65756608
6329.89,6329.9,0.82077817,5.65756608
6329.89,6329.9,1.16993289,5.65756608
6329.89,6329.9,1,5.65756608
6329.89,6329.9,1,3.15756608
6329.89,6329.9,1,3.14312633
6329.89,6329.9,1,3.14312633
6329.89,6329.9,1,3.1391949
6329.89,6329.9,1,3.1391949
6329.89,6329.9,1,3.18637711
6329.89,6329.9,1,5.68637711
6329.89,6329.9,0,5.68637711
6329.89,6329.9,1,5.68637711
6329.89,6329.9,1,5.59637711
6329.89,6329.9,2,5.59637711
6329.89,6329.9,2.09,5.59637711
6329.89,6329.9,2.09,3.29637711
6329.89,6329.9,1.09,3.29637711
6329.89,6329.9,1.09,0.79637711
6329.89,6329.9,3.59,0.79637711
6329.89,6329.9,1.09,0.79637711
6329.89,6329.9,0.09,0.79637711
6329.89,6329.9,2.59,0.79637711
6329.89,6329.9,0.09,0.79637711
6329.89,6329.9,0.88,0.79637711
6329.89,6329.9,3.38,0.79637711
6329.89,6329.9,5.68,0.79637711
6329.89,6329.9,6.68,0.79637711
6329.89,6329.9,6.67103835,0.79637711
6329.88,6329.89,6.67103835,0.79637711
6329.88,6329.89,6.67103835,6.66427742
6329.88,6329.89,6.67103835,6.66427742
6329.88,6329.89,6.67103835,5.66427742
6329.88,6329.89,1.54068973,5.66427742
6329.88,6329.89,1.54068973,3.16427742
6329.88,6329.89,1.54068973,3.15374382
6329.88,6329.89,1.54068973,3.15374382
6329.88,6329.89,1.54068973,5.65374382
6329.88,6329.89,1.54068973,5.6523275
6329.88,6329.89,1.54068973,5.6523275
6329.88,6329.89,1.54068973,5.64657543
6329.88,6329.89,1.54068973,5.64657543
6329.88,6329.89,1.54068973,3.14657543
6329.88,6329.89,1.54068973,3.13902853
6329.88,6329.89,1.54068973,3.13902853
6329.88,6329.89,1.53033451,3.13902853
6329.88,6329.89,1.53033451,3.13902853
6329.88,6329.89,1.52270965,3.13902853
6329.88,6329.89,1.52270965,3.13902853
6329.88,6329.89,1.52270965,3.09
6329.88,6329.89,1.52270965,3.09
6329.88,6329.89,1.52270965,2.75181094
6329.88,6329.89,1.52270965,2.75181094
6329.88,6329.89,1.52270965,2.77181094
6329.88,6329.89,1.55535903,2.77181094
6329.88,6329.89,1.55535903,2.76029099
6329.88,6329.89,1.55535903,2.76029099
6329.88,6329.89,1.55535903,2.74029099
6329.88,6329.89,1.55535903,2.76029099
6329.88,6329.89,1.55535903,2.75541638
6329.88,6329.89,1.55535903,2.75541638
6329.88,6329.89,1.55535903,2.75172073
6329.88,6329.89,1.55535903,2.75172073
6329.88,6329.89,1.28671242,2.75172073
6329.88,6329.89,1.28671242,2.75172073
6329.88,6329.89,1.28671242,5.25172073
6329.88,6329.89,0.28671242,5.25172073
6329.88,6329.89,0.28671242,6.25172073
6329.88,6329.89,0.28671242,3.75172073
6329.88,6329.89,0.28671242,2.75172073
6329.88,6329.89,1.28671242,2.75172073
6329.88,6329.89,1.28671242,3.75172073
6329.88,6329.89,1.28671242,3.73172073
6329.88,6329.89,1.28671242,3.75172073
6329.88,6329.89,1.28671242,3.73172073
6329.88,6329.89,1.28671242,3.75172073
6329.88,6329.89,1.28671242,3.74182073
6329.88,6329.89,1.28671242,3.74182073
6329.88,6329.89,1.28671242,3.71914697
6329.88,6329.89,1.28671242,3.71914697
6329.88,6329.89,1.28671242,2.71914697
6329.88,6329.89,1.28671242,2.71160005
6329.88,6329.89,1.28671242,2.71160005
6329.88,6329.89,1.28671242,2.70358155
6329.88,6329.89,1.28671242,2.70358155
6329.88,6329.89,1.28671242,2.69377727
6329.88,6329.89,1.28671242,2.69377727
6329.88,6329.89,1.28671242,2.64238248
6329.88,6329.89,1.28671242,2.64238248
6329.88,6329.89,1.28671242,2.63342081
6329.88,6329.89,1.28671242,2.63342081
6329.88,6329.89,1.28671242,2.62622081
6329.88,6329.89,1.28671242,2.62622081
6329.88,6329.89,1.25406304,2.62622081
6329.88,6329.89,1.25406304,0.32622081
6329.88,6329.89,1.25406304,0.29598756
6329.88,6329.89,1.25406304,0.29598756
6329.88,6329.89,1.25406304,0.29386386
6329.88,6329.89,1.25406304,0.29386386
6329.88,6329.89,1.06415097,0.29386386
6329.88,6329.89,1.06415097,0.29386386
6329.88,6329.89,1.06415097,2.59386386
6329.88,6329.89,1,2.59386386
6329.88,6329.89,1,2.59386386
6329.88,6329.89,0.97150097,2.59386386
6329.88,6329.89,0.97150097,2.59386386
6329.88,6329.89,0.96420097,2.59386386
6329.88,6329.89,0.96420097,2.59386386
6329.88,6329.89,0.96420097,2.57386386
6329.88,6329.89,0.96420097,2.54363061
6329.88,6329.89,0.96420097,2.54363061
